Section    Assigned problems 

4.2    1, 3, 6, 8, 9, 11, 12, 14, 16, 19 
4.3    20, 22, 23, 30, 32 
4.4    43, 45, 46, 48, 50-53 
4.5    62, 64-67, 71, 73, 76, 78, 138, 139, 140(c), 144 
4.6    84, 88, 90, 93, 96, 99, 101, 108, 110-112, 136, 140(ab), 143 
4.7    124, 125, 128, 130-134 
4.9    137, 142, 145 
4.10    147, 150-152, 154 
4.11    157, 159 
5.2    2, 4, 5-7, 10, 12, 14, 15, 18 
5.3    20, 22, 23-25, 28, 30, 32, 33, 37, 39, 40 
5.4    45, 47-52, 54, 56-59, 61, 65, 68, 69, 71 
5.5/5.6    72, 75-77, 79, 81, 82, 85, 87 
5.7    89, 93-96, 99-100 
5.8    103, 104, 107, 109, 110, 112, 114 
5.9    119, 121, 122, 125-127 
5.10    128, 129, 131 
5.11    133, 136, 137, 139, 142