Section    Assigned problems 
###### EXAM 1 #######
8.2    1-6, 9, 12, 13, 15, 18, 19 
8.4    21, 22, 24, 26, 29-33, 38 
8.5    41, 42, 44, 46, 47 
8.6    56, 57, 59, 61-64, 66-68 
8.7    71-77 
8.8    80, 83, 86, 87, 90, 92-94 
8.9    96-98, 100, 102, 103 
9.2    1, 3, 4, 6, 7 
9.3    17-20, 23, 24, 26, 30, 31, 34, 35 
9.4    37, 38, 41, 44, 46, 48, 51, 54 

###### EXAM 2 #######

9.5    56, 58-60, 62-64 
9.6    70, 71, 74, 76-78 
a`10.2    2, 3, 5, 7, 8 
10.3    17, 18, 20, 22, 26, 27, 30, 31, 35 
10.4    37, 39, 40, 42-44 
10.5    45-47, 49 
10.6    52-54, 56, 58 
10.8    66, 70, 73, 74, 76, 77 
10.9    78-81, 84, 86   
10.10    88, 91, 92, 94-96, 98, 100, 101 

##### EXAM 3 #######

10.11   105, 107, 112, 113
11.3    5, 8, 10, 12, 14
11.4    15, 17, 19, 20, 22
11.5    25, 26, 28, 33 
11.6    35, 37, 41
11.7    43 – 45, 47
11.8    52, 54 - 5
13.4    3 – 7, 10, 13
13.5    17 – 19
13.7    20, 21, 23, 27, 29
14.3    3, 6 – 9, 12
14.4    13, 15, 16, 18
14.5    22 – 25, 29, 30
16.2    6 - 10
